  0.001953125  237.630325
  0.00390625  204.998688
  0.005859375  184.123779
  0.0078125  230.728241
  0.009765625  355.405701
  0.01171875  320.741211
  0.013671875  320.626526
  0.015625  317.310211
  0.017578125  326.889496
  0.01953125  338.316406
  0.021484375  329.263855
  0.0234375  275.843842
  0.025390625  295.654236
  0.02734375  311.391907
  0.029296875  309.415161
  0.03125  303.063721
  0.033203125  325.217682
  0.03515625  312.741058
  0.037109375  327.23703
  0.0390625  328.554047
  0.041015625  313.55191
  0.04296875  323.266968
  0.044921875  316.55481
  0.046875  311.812988
  0.048828125  322.665009
  0.05078125  315.241882
  0.052734375  319.013977
  0.0546875  297.803253
  0.056640625  315.572449
  0.05859375  302.377136
  0.060546875  310.970917
  0.0625  323.235291
  0.064453125  317.175507
  0.06640625  329.957581
  0.068359375  314.901611
  0.0703125  299.304199
  0.072265625  287.240387
  0.07421875  291.372925
  0.076171875  295.20343
  0.078125  342.017181
  0.080078125  394.256073
  0.08203125  545.354065
  0.083984375  658.025696
  0.0859375  374.865601
  0.087890625  373.085419
  0.08984375  369.349792
  0.091796875  334.94104
  0.09375  303.303741
  0.095703125  292.981903
  0.09765625  291.696838
  0.099609375  302.320984
  0.1015625  326.736023
  0.103515625  323.764221
  0.10546875  327.910553
  0.107421875  324.828125
  0.109375  313.237427
  0.111328125  314.827576
  0.11328125  303.242035
  0.115234375  297.858124
  0.1171875  302.75647
  0.119140625  321.394989
  0.12109375  324.284454
  0.123046875  326.897614
  0.125  319.392792
  0.126953125  306.637756
  0.12890625  298.995544
  0.130859375  310.482941
  0.1328125  309.637848
  0.134765625  314.174805
  0.13671875  324.930237
  0.138671875  325.816711
  0.140625  323.991638
  0.142578125  320.859039
  0.14453125  309.771057
  0.146484375  312.764862
  0.1484375  309.792053
  0.150390625  312.516876
  0.15234375  320.767365
  0.154296875  326.277313
  0.15625  328.384155
  0.158203125  337.005707
  0.16015625  329.749542
  0.162109375  313.425323
  0.1640625  290.10675
  0.166015625  230.549179
  0.16796875  336.19162
  0.169921875  298.265106
  0.171875  284.346375
  0.173828125  289.660431
  0.17578125  298.739014
  0.177734375  310.399597
  0.1796875  315.440521
  0.181640625  312.27536
  0.18359375  313.54718
  0.185546875  308.824036
  0.1875  315.779236
  0.189453125  306.353943
  0.19140625  309.849091
  0.193359375  311.727478
  0.1953125  314.176697
  0.197265625  311.157593
  0.19921875  316.382538
  0.201171875  320.337982
  0.203125  314.196777
  0.205078125  307.503052
  0.20703125  311.129578
  0.208984375  312.711914
  0.2109375  307.05246
  0.212890625  307.202606
  0.21484375  315.538116
  0.216796875  310.068939
  0.21875  314.070038
  0.220703125  322.98114
  0.22265625  318.213898
  0.224609375  311.802826
  0.2265625  310.91687
  0.228515625  308.507172
  0.23046875  314.033325
  0.232421875  315.666473
  0.234375  311.293274
  0.236328125  315.424927
  0.23828125  318.364471
  0.240234375  306.645111
  0.2421875  315.705017
  0.244140625  313.655762
  0.24609375  312.454254
  0.248046875  318.809814
  0.25  290.134399
  0.251953125  318.08255
  0.25390625  317.092621
  0.255859375  316.938385
  0.2578125  314.583649
  0.259765625  314.854614
  0.26171875  317.376831
  0.263671875  312.651642
  0.265625  319.895081
  0.267578125  313.044495
  0.26953125  314.47229
  0.271484375  314.184479
  0.2734375  309.765137
  0.275390625  315.958649
  0.27734375  314.984985
  0.279296875  314.393555
  0.28125  314.278351
  0.283203125  311.495667
  0.28515625  318.157349
  0.287109375  313.463257
  0.2890625  308.869476
  0.291015625  311.168243
  0.29296875  314.767303
  0.294921875  312.801178
  0.296875  316.839874
  0.298828125  317.802734
  0.30078125  316.234772
  0.302734375  312.039124
  0.3046875  316.780212
  0.306640625  311.437622
  0.30859375  309.409485
  0.310546875  311.16626
  0.3125  314.213745
  0.314453125  313.571686
  0.31640625  311.826782
  0.318359375  312.34903
  0.3203125  315.033173
  0.322265625  315.48111
  0.32421875  312.54599
  0.326171875  308.957733
  0.328125  317.402588
  0.330078125  312.79895
  0.33203125  309.161865
  0.333984375  332.537994
  0.3359375  320.451813
  0.337890625  314.229523
  0.33984375  316.671631
  0.341796875  313.553101
  0.34375  307.39679
  0.345703125  315.987793
  0.34765625  315.172607
  0.349609375  314.721863
  0.3515625  319.741272
  0.353515625  316.393158
  0.35546875  317.12619
  0.357421875  315.125061
  0.359375  312.20874
  0.361328125  311.842773
  0.36328125  315.471313
  0.365234375  317.553711
  0.3671875  318.565094
  0.369140625  320.461945
  0.37109375  316.159882
  0.373046875  315.238007
  0.375  315.372589
  0.376953125  312.388428
  0.37890625  313.669189
  0.380859375  315.814667
  0.3828125  314.224426
  0.384765625  314.59671
  0.38671875  313.229248
  0.388671875  308.987396
  0.390625  310.305542
  0.392578125  311.052002
  0.39453125  311.724335
  0.396484375  314.385651
  0.3984375  312.89505
  0.400390625  313.528992
  0.40234375  309.426453
  0.404296875  314.402649
  0.40625  317.587372
  0.408203125  315.567291
  0.41015625  313.038116
  0.412109375  316.635864
  0.4140625  312.3078
  0.416015625  316.127625
  0.41796875  313.902863
  0.419921875  316.583527
  0.421875  312.939911
  0.423828125  321.866608
  0.42578125  309.404053
  0.427734375  313.147217
  0.4296875  310.189392
  0.431640625  314.794189
  0.43359375  318.706207
  0.435546875  319.892151
  0.4375  312.751892
  0.439453125  310.107208
  0.44140625  311.804413
  0.443359375  317.663055
  0.4453125  320.570404
  0.447265625  312.747314
  0.44921875  318.331909
  0.451171875  317.373383
  0.453125  311.671173
  0.455078125  310.204803
  0.45703125  317.381439
  0.458984375  316.966766
  0.4609375  317.503601
  0.462890625  313.428833
  0.46484375  316.226685
  0.466796875  317.915924
  0.46875  314.196075
  0.470703125  316.405518
  0.47265625  313.70874
  0.474609375  315.541321
  0.4765625  315.2388
  0.478515625  315.517395
  0.48046875  311.391754
  0.482421875  313.857147
  0.484375  318.241455
  0.486328125  316.312836
  0.48828125  318.433136
  0.490234375  317.279785
  0.4921875  315.775513
  0.494140625  311.692932
  0.49609375  313.281982
  0.498046875  313.178619
